        259.000000        223.750000        259.000000        225.500000
        209.250000        184.750000        194.000000        228.500000
         68.250000        334.750000        183.000000        434.500000
        277.500000         76.250000        177.750000        101.250000
        394.000000        263.000000        387.250000        168.250000
        481.750000        297.000000        475.250000        139.000000
        418.750000        334.750000        451.750000        208.750000
        317.500000        296.750000        350.250000        245.250000
        452.750000        129.250000        345.750000         28.500000
        400.000000        132.500000        307.250000         66.000000
        303.500000        128.750000        230.500000        125.250000
        101.000000        173.500000        104.580000        289.720000
        169.500000        405.000000        306.000000        422.750000
        357.250000        403.250000        448.760000        300.580000
         69.500000        268.750000        143.000000        382.000000
