        209.250000         88.750000        182.250000         98.000000
        174.500000         43.500000        139.000000         58.750000
        213.000000        393.500000        240.250000        398.500000
        432.000000        298.750000        437.000000        266.000000
        371.000000        215.250000        363.500000        195.750000
        416.500000        111.250000        389.500000         85.250000
        315.750000         79.750000        284.500000         71.750000
        286.500000        170.750000        272.300000        165.920000
        148.250000        246.750000        149.750000        264.750000
        144.500000        376.250000        167.750000        393.250000
        264.000000        426.250000        294.500000        419.750000
        478.250000        384.250000        498.500000        342.500000
         85.250000        335.250000        103.150000        362.840000
         78.750000        252.500000         82.180000        282.000000
        443.750000        176.250000        427.250000        145.250000
