        208.000000        156.750000        203.000000        314.750000
        290.750000        424.250000        158.250000        105.750000
        239.500000        484.250000        200.750000         61.750000
        279.250000        189.750000        151.750000        284.500000
        402.750000        172.250000         53.750000        290.750000
        134.750000         55.000000        252.250000        398.500000
        135.250000        166.750000        260.500000        311.000000
        455.500000        300.250000         24.250000        191.250000
        322.500000         65.500000        109.250000        377.500000
        221.000000        310.000000        203.520000        196.210000
        185.500000        535.250000        246.000000         28.000000
         88.250000        395.250000        310.750000        139.500000
         28.500000        416.500000        357.250000        127.500000
         24.000000        159.500000        343.750000        325.750000
        398.000000        377.250000         73.000000        134.250000
