        224.000000        196.000000        206.750000        201.500000
        241.500000         55.250000        219.500000         75.250000
        126.750000        213.000000        118.750000        216.250000
        331.250000        345.500000        304.500000        333.000000
        478.500000        288.750000        435.500000        279.750000
        288.500000        439.500000        268.250000        418.000000
        243.500000        300.500000        225.750000        293.750000
        168.000000        323.000000        156.500000        315.250000
        446.000000        187.500000        404.750000        190.500000
        341.000000        258.500000        311.910000        255.160000
        397.750000         89.500000        360.250000        106.250000
        357.000000         63.250000        323.060000         82.220000
         96.250000         48.750000         92.250000         70.250000
        189.750000        103.000000        177.750000        118.000000
        205.250000        142.000000        189.470000        152.960000
        157.750000        435.000000        150.750000        412.750000
