        410.250000         89.000000        403.500000         85.500000
        453.500000        391.750000        444.500000        392.000000
        500.500000        220.250000        493.750000        218.250000
        258.000000        203.000000        249.500000        202.750000
        195.250000        311.000000        184.500000        311.500000
        116.250000        277.000000        104.500000        278.750000
         31.500000        254.000000         18.750000        256.500000
        153.750000         77.000000        146.500000         78.000000
        302.000000         13.000000        297.750000         11.500000
         27.250000        482.000000         10.500000        485.250000
         77.750000        407.750000         63.750000        410.250000
        309.750000        218.750000        300.750000        218.250000
        425.250000        245.500000        417.750000        241.750000
        261.000000        366.500000        249.000000        368.000000
        268.750000        476.250000        255.250000        477.250000
        482.750000         61.250000        477.860000         56.630000
