        262.500000        202.500000        242.500000        138.750000
        324.250000        116.000000        260.500000         56.750000
        152.000000        135.000000        148.000000        113.250000
         57.500000         95.250000         74.000000        106.500000
        166.000000        222.500000        182.750000        178.250000
        158.500000        318.500000        203.950000        254.230000
        292.750000        302.500000        290.750000        210.250000
        411.000000        297.500000        370.250000        177.000000
        422.750000        399.500000        407.750000        253.750000
        265.000000        423.000000        305.870000        310.000000
        104.250000        222.250000        140.250000        194.000000
        305.000000         43.250000        225.500000          5.500000
        460.000000        140.000000        358.000000         41.750000
        375.000000        141.750000        301.000000         64.250000
        380.000000        243.000000        333.750000        141.000000
