        197.250000        111.500000        244.500000        223.250000
        275.000000        296.500000        234.000000         62.250000
        427.000000        212.750000        100.500000         91.000000
        193.500000        232.500000        279.250000        130.500000
         79.000000         86.500000        326.750000        268.500000
        149.250000         61.500000        268.250000        272.000000
        269.000000        199.000000        214.100000        138.920000
        350.500000         69.500000        121.500000        220.500000
        366.000000        230.750000        149.000000         92.000000
        161.250000        362.500000        336.050000         38.760000
        112.250000        122.250000        311.750000        234.500000
        424.000000        157.000000         87.000000        135.500000
        450.500000         81.250000         48.500000        187.250000
        468.250000        262.000000         80.750000         44.000000
        301.000000        136.250000        174.210000        179.790000
