        274.250000        297.250000        268.250000        281.750000
        291.250000        104.500000        276.500000        162.000000
         79.500000         45.000000        146.000000        124.500000
        173.750000        228.250000        203.500000        239.000000
         64.000000        322.000000        135.500000        296.500000
         69.500000        456.000000        140.500000        380.500000
        219.750000        466.250000        234.500000        386.750000
        380.750000        365.000000        333.500000        323.750000
        484.000000        197.750000        395.500000        219.500000
        352.500000        233.750000        315.020000        242.140000
         77.000000        194.250000        144.250000        220.000000
        266.750000         51.500000        261.250000        129.750000
        310.500000        188.750000        288.730000        214.380000
         55.000000         90.500000        130.740000        153.790000
        258.500000        378.750000        257.250000        332.750000
        208.500000        283.250000        226.100000        273.200000
