        184.500000         59.750000        103.000000         35.500000
        266.250000        162.750000        148.500000         90.000000
        353.750000        264.250000        196.750000        146.750000
        444.750000        407.500000        248.500000        228.500000
         52.500000        382.250000         29.500000        213.250000
         89.750000        284.250000         50.520000        160.200000
        187.500000        191.750000        103.750000        107.500000
         33.750000        207.500000         18.750000        115.750000
        208.000000        458.250000        116.250000        255.500000
        295.000000        395.500000        164.710000        220.950000
        482.250000        330.000000        268.500000        182.750000
        388.000000        179.000000        215.760000         98.590000
        192.750000        374.750000        107.610000        209.070000
        179.750000        295.250000        100.270000        164.960000
        372.500000        247.250000        207.380000        137.220000
        275.750000        144.000000        154.500000         79.250000
