        291.250000        293.500000        199.000000        178.250000
        342.750000        351.250000        251.500000        236.000000
        308.500000        419.500000        217.000000        304.000000
        191.000000        389.000000        101.000000        273.500000
        152.500000        258.000000         61.000000        144.250000
        263.000000        189.750000        172.250000         74.500000
        213.500000        150.250000        121.750000         35.250000
        102.250000        177.750000         12.000000         62.500000
        159.500000        134.750000         68.000000         19.250000
        388.000000        176.500000        296.500000         59.860000
        310.500000        124.750000        219.000000         10.500000
        109.500000        319.000000         19.310000        204.400000
        126.000000        386.000000         35.250000        271.500000
        228.500000        238.250000        137.320000        123.140000
        376.500000        251.250000        286.250000        135.500000
        444.250000        372.500000        352.250000        257.250000
