        473.000000        194.750000        465.000000        190.500000
        253.500000        206.750000        241.500000        201.750000
        222.000000        199.750000        210.000000        194.750000
        360.250000        288.750000        344.410000        283.030000
        206.000000        441.750000        192.500000        435.750000
        109.500000        257.250000         98.250000        252.500000
        154.250000        231.500000        141.910000        226.490000
         97.000000         70.250000         84.750000         65.250000
        205.250000        139.250000        194.500000        134.500000
        441.750000        264.500000        427.510000        258.920000
        412.250000        189.000000        402.900000        184.570000
        211.500000        390.750000        199.250000        384.500000
        383.250000        471.750000        373.000000        465.750000
        349.000000        395.500000        333.250000        386.250000
        152.500000        144.250000        140.000000        140.500000
