        438.750000        183.500000        344.000000        177.000000
        225.750000        184.750000        209.000000        111.500000
        328.750000        326.000000        232.750000        236.250000
        466.750000        418.750000        292.820000        340.070000
        234.250000        394.750000        150.500000        254.250000
         72.250000        321.750000         67.250000        156.500000
        137.250000        248.000000        131.750000        128.750000
        177.750000        511.500000         78.750000        311.000000
        373.500000        396.000000        239.820000        296.450000
        327.500000        545.250000        166.000000        379.750000
        183.000000        570.500000         64.160000        351.920000
        186.000000        322.000000        141.150000        190.810000
        517.000000        268.000000        371.250000        255.750000
        311.000000        487.250000        172.360000        337.000000
         38.500000        167.000000         91.250000         45.500000
         83.000000        261.000000         93.500000        120.250000
        188.750000         78.500000        217.750000         34.000000
