        302.000000         80.500000        271.500000        157.500000
        122.750000        154.750000        153.000000        198.750000
        171.750000        269.750000        187.500000        278.500000
        361.250000        432.750000        310.500000        384.250000
        262.500000        347.750000        246.250000        329.000000
        401.750000        296.000000        336.750000        297.000000
        185.500000        445.000000        195.750000        392.750000
        384.500000        217.750000        326.000000        246.250000
        195.750000         49.000000        202.500000        132.250000
        426.250000        416.750000        352.750000        373.270000
        299.750000        271.250000        270.250000        279.750000
        365.250000        330.000000        313.140000        318.270000
        187.500000        232.250000        197.500000        254.250000
        384.000000        259.750000        325.000000        271.750000
        404.500000        179.000000        339.500000        220.750000
        390.250000        111.750000        329.500000        177.500000
