        120.000000        145.500000        227.250000        132.750000
        436.500000        130.500000        380.000000        297.250000
        317.000000        176.000000        301.500000        253.750000
        362.250000        257.750000        277.750000        316.000000
        208.000000        314.000000        175.750000        258.750000
         83.000000        371.250000         88.000000        215.500000
        160.250000        244.000000        192.330000        199.840000
        299.250000        255.250000        250.000000        280.860000
        178.000000        410.250000        109.750000        286.000000
        365.250000        420.000000        190.750000        392.750000
        219.000000        452.000000        106.200000        327.510000
        105.250000        268.250000        153.900000        181.030000
        162.250000        457.250000         77.250000        298.750000
        394.500000         47.500000        406.170000        236.070000
        186.000000         81.250000        292.580000        139.140000
        188.500000        210.500000        223.460000        199.850000
        303.750000        487.250000        126.250000        389.750000
