        165.750000         89.750000        233.750000         50.750000
         53.750000        124.750000         64.250000         84.500000
         41.250000        280.250000         21.500000        310.500000
        187.750000        236.250000        243.500000        268.000000
        324.500000        281.000000        439.250000        354.750000
        137.000000        330.250000        154.250000        398.750000
        260.750000        323.750000        337.750000        408.500000
        270.750000        378.750000        344.750000        491.500000
        326.000000        157.000000        459.250000        172.500000
        127.750000        152.250000        167.250000        135.750000
         65.750000        186.250000         71.250000        177.500000
        250.750000        151.000000        350.500000        153.000000
        224.250000        342.500000        280.750000        430.000000
         94.500000        355.250000         88.050000        429.080000
        259.000000        232.000000        350.000000        272.750000
        267.500000        275.750000        356.000000        339.500000
        317.750000        234.750000        435.500000        287.000000
