        432.000000        239.000000        307.500000        239.250000
        401.750000        279.750000        305.500000        280.250000
        316.250000        245.750000        226.250000        297.250000
        297.500000        105.750000        151.750000        209.750000
        328.750000         12.250000        129.500000        133.250000
        216.500000         84.750000         87.250000        233.500000
        409.250000         59.500000        205.500000        129.000000
        466.750000        179.750000        305.000000        181.000000
        270.250000         28.750000         99.750000        169.000000
        385.750000        150.500000        232.660000        200.380000
        251.750000        207.250000        168.750000        300.000000
        328.750000        137.500000        186.750000        218.750000
        204.250000        208.750000        137.500000        324.250000
        305.500000        304.000000        250.000000        343.250000
        372.250000        324.750000        306.180000        324.540000
