        176.250000        369.250000        357.000000        286.250000
        218.250000        194.500000        400.750000        112.000000
         37.000000        131.250000        218.500000         49.000000
        115.500000        247.500000        296.750000        165.000000
         35.250000        409.500000        216.750000        326.750000
        228.000000        475.000000        410.250000        392.000000
        125.250000        434.750000        307.250000        352.250000
        286.750000        357.500000        468.920000        274.620000
         26.000000        311.250000        207.250000        228.250000
        133.250000        110.000000        315.000000         27.630000
        233.750000        285.750000        415.820000        203.070000
         29.500000        194.250000        210.790000        111.780000
        130.500000        325.500000        312.170000        242.800000
        235.250000        122.500000        417.470000         40.080000
         62.750000        488.000000        244.190000        405.080000
