        136.000000        398.250000        155.500000        380.750000
        248.250000        532.750000        268.250000        515.750000
        520.500000        439.750000        540.750000        422.250000
        453.750000        127.250000        474.250000        110.750000
        229.750000        128.250000        249.500000        111.000000
        312.000000        309.500000        331.750000        292.000000
        267.000000        394.000000        286.750000        376.750000
        111.750000        566.000000        131.750000        549.500000
        152.000000        298.250000        171.250000        281.250000
        518.750000        250.000000        539.340000        233.200000
        480.250000        583.000000        500.000000        565.250000
        127.000000         43.750000        147.000000         27.000000
         40.750000        203.750000         60.500000        187.250000
        418.250000        256.500000        438.480000        239.500000
        497.000000         61.250000        517.000000         44.250000
