        221.500000        233.250000        167.500000        242.000000
        295.500000        107.000000        241.000000        114.750000
        419.750000         97.500000        366.500000        105.250000
        129.250000         13.750000         74.250000         22.250000
        130.000000        303.000000         75.500000        312.250000
        283.500000        334.250000        230.000000        343.500000
        409.750000        420.750000        356.250000        431.500000
        371.500000        171.750000        317.870000        180.090000
         97.250000        166.750000         41.500000        175.500000
        134.750000        119.750000         79.750000        129.250000
        342.500000        241.750000        288.250000        251.000000
        409.500000        279.500000        356.500000        288.750000
        239.250000        391.000000        185.280000        400.680000
        235.250000        312.500000        181.130000        321.810000
        445.500000        217.250000        392.310000        225.940000
