        442.500000        421.250000        377.000000        310.250000
        433.000000        315.250000        362.250000        240.000000
        226.250000        332.500000        223.000000        265.750000
        284.750000        177.250000        251.500000        158.500000
        473.250000        190.750000        380.250000        154.750000
        560.250000        336.750000        449.000000        246.500000
        315.000000        304.500000        281.390000        241.070000
        588.000000        200.000000        458.300000        153.160000
        164.750000        218.750000        173.500000        196.000000
        419.000000        208.250000        344.750000        169.500000
         56.750000        133.750000         94.500000        148.000000
         84.250000        411.000000        132.750000        328.500000
        296.000000        487.000000        283.000000        365.500000
        562.250000        384.750000        455.010000        278.120000
        342.000000         39.250000        279.840000         63.130000
