        357.500000        190.250000        260.750000        160.250000
        156.250000         54.500000        114.500000         83.500000
        104.000000        252.750000         94.000000        219.500000
         28.250000        414.750000         53.500000        334.500000
        342.500000        463.000000        270.250000        343.250000
        537.250000        323.750000        392.750000        235.500000
        411.500000        291.500000        304.860000        223.580000
        549.250000        157.250000        388.250000        123.500000
        203.000000        176.750000        155.250000        161.000000
        157.750000        585.750000        153.750000        441.000000
        518.000000        558.250000        397.000000        395.500000
        486.500000        413.000000        364.500000        300.250000
        268.750000        380.250000        214.500000        292.750000
        157.250000        458.000000        143.750000        354.500000
        284.500000         32.750000        200.250000         59.250000
        437.500000         79.250000        307.250000         78.500000
