        408.250000         93.000000        354.250000        159.000000
        452.000000        181.000000        397.500000        248.000000
        249.000000         75.000000        194.750000        141.000000
        238.500000        235.750000        183.120000        303.700000
        102.750000        332.500000         46.500000        400.500000
        152.250000        208.000000         96.890000        275.390000
        237.750000        327.750000        182.750000        396.000000
        134.250000        411.000000         79.000000        478.500000
        324.750000        411.000000        270.250000        479.500000
        392.500000        296.250000        337.750000        363.500000
        309.000000        242.750000        254.260000        310.110000
        105.250000         88.000000         49.750000        154.750000
        208.000000        156.250000        152.500000        223.000000
        309.500000        184.000000        254.780000        250.930000
        299.500000        361.500000        244.570000        429.630000
        417.000000        388.000000        362.520000        456.520000
