        188.000000        358.500000        170.000000        298.500000
        105.750000        453.000000        121.000000        368.250000
        394.750000        410.250000        313.500000        319.500000
        585.250000        112.750000        420.500000        105.500000
        438.500000        172.500000        325.500000        155.000000
        147.500000        203.500000        132.250000        197.750000
        333.750000        278.250000        263.250000        234.000000
        318.750000        473.750000        266.000000        367.000000
        248.750000        546.250000        224.000000        420.250000
        551.750000        339.000000        415.000000        259.500000
        484.500000        547.000000        383.000000        403.750000
         45.250000        543.750000         86.070000        433.560000
        243.250000        427.000000        212.250000        341.500000
        216.500000        488.500000        199.000000        384.750000
        362.000000         18.500000        263.250000         59.000000
         91.000000        146.750000         90.750000        164.000000
