        309.250000         54.750000        314.750000         82.000000
        207.000000        197.000000        191.000000        203.750000
        225.750000        452.750000        175.500000        450.750000
        274.500000         97.500000        274.500000        118.750000
         17.750000        196.000000          8.250000        174.750000
        357.750000         67.250000        363.250000         99.000000
        334.750000        391.750000        288.500000        408.750000
        188.000000        289.000000        162.080000        288.350000
         90.500000        302.250000         66.120000        286.290000
        161.500000        402.000000        119.500000        391.750000
        115.250000        128.250000        113.750000        124.750000
        439.250000        176.500000        424.590000        217.020000
        320.000000        246.750000        298.000000        267.000000
        362.750000        105.000000        360.920000        137.150000
        340.250000        166.000000        329.500000        194.250000
