        159.250000        192.500000        138.750000        142.500000
        473.250000        108.500000        393.000000         77.000000
        121.250000         67.000000        106.250000         44.000000
        522.000000        211.500000        432.500000        161.750000
        285.500000         66.500000        240.040000         43.170000
        355.250000        370.500000        296.750000        290.250000
        499.500000        278.000000        414.500000        216.500000
        422.000000        184.250000        351.000000        139.000000
        223.000000        178.000000        188.750000        133.000000
        367.500000        288.000000        307.250000        223.500000
        433.500000        354.750000        360.560000        278.830000
        381.000000        550.750000        318.170000        437.500000
        547.750000        497.500000        454.000000        394.000000
        551.750000         34.750000        456.750000         16.750000
        512.750000        580.500000        425.250000        461.750000
