        296.500000        237.250000        415.250000        279.500000
         49.000000        300.750000        221.500000        436.000000
        202.250000        376.250000        390.500000        438.500000
        156.750000        278.000000        309.500000        373.750000
        154.250000        131.500000        246.000000        247.250000
        273.750000         99.500000        337.750000        172.000000
        205.000000         40.750000        251.500000        148.500000
        104.750000        199.750000        229.500000        326.000000
        244.750000        195.500000        351.750000        266.500000
        280.000000        332.250000        440.000000        370.750000
        341.000000        129.250000        409.250000        171.750000
         95.250000         36.000000        149.250000        186.500000
         42.000000        187.000000        166.750000        340.750000
        241.500000        127.500000        320.750000        209.250000
        116.750000        338.750000        298.810000        442.040000
