        203.250000         39.250000         56.250000        176.250000
        313.000000        276.500000        245.000000        339.250000
        310.000000        140.500000        184.250000        214.000000
        243.000000         94.750000        111.000000        206.750000
        180.250000        218.750000        107.000000        353.500000
        158.750000        130.750000         52.000000        281.000000
        211.000000        145.250000        103.500000        267.750000
        317.000000         86.250000        168.250000        162.250000
        284.500000        207.500000        191.000000        288.000000
        243.250000        229.500000        164.500000        329.750000
        299.500000         15.000000        126.000000        109.500000
        152.250000         64.000000         21.250000        218.250000
        203.750000        174.750000        109.250000        300.000000
        110.250000        162.000000         20.750000        335.750000
        163.500000         21.500000         15.000000        179.250000
