        293.750000        260.250000        316.250000         98.750000
        303.000000         98.250000        146.500000         77.250000
        221.000000        147.500000        194.500000        166.000000
        361.250000        231.000000        290.500000         23.500000
         34.500000        214.000000        250.250000        373.750000
        224.500000        177.750000        225.250000        168.250000
        160.000000         26.750000         61.500000        225.000000
         95.000000        296.500000        339.750000        315.250000
        294.500000        306.250000        365.010000        100.950000
        129.750000        214.500000        257.010000        271.420000
         43.250000         70.000000        100.750000        354.500000
        114.500000        119.250000        156.460000        280.940000
        171.500000        257.250000        305.000000        231.000000
        243.500000        121.000000        167.250000        143.000000
        349.500000        190.500000        247.050000         33.470000
