        324.500000        257.250000        259.750000        277.250000
        222.000000        290.250000        174.750000        301.500000
        219.250000        379.750000        169.500000        372.500000
        157.000000        460.000000        120.500000        431.500000
        442.000000        321.750000        341.750000        330.500000
        378.750000        402.000000        292.250000        394.500000
        193.250000        214.250000        155.750000        241.500000
        229.500000        160.500000        187.500000        198.000000
        378.500000        239.500000        300.250000        264.250000
        274.250000        485.750000        206.000000        456.250000
        281.750000        268.500000        222.750000        286.000000
        165.750000        415.750000        127.250000        399.750000
        130.250000        411.250000        100.250000        393.500000
        230.000000        336.250000        179.870000        337.750000
        403.750000        359.500000        312.750000        361.250000
        428.000000        281.250000        336.290000        298.360000
