        478.750000        329.750000        405.500000        336.250000
        334.500000         60.750000        262.250000         69.000000
        177.250000        195.250000        104.500000        203.000000
        404.750000         95.250000        331.250000        103.000000
        205.500000        406.250000        133.750000        413.250000
        151.000000        334.000000         79.130000        341.390000
        128.500000        229.000000         56.250000        236.000000
        151.250000         37.000000         78.280000         44.710000
        254.000000         31.250000        181.020000         39.210000
        254.000000        123.500000        181.220000        131.170000
        346.500000        248.000000        273.000000        255.250000
        243.250000        337.500000        170.890000        344.540000
        362.250000        363.750000        289.320000        370.380000
        149.750000        425.750000         78.000000        432.750000
        294.250000        450.500000        221.770000        456.980000
