        216.500000         94.750000         78.500000        251.500000
        333.750000        188.000000        143.750000        165.000000
        293.500000        362.500000        269.750000        193.250000
        403.750000        426.000000        313.500000        112.750000
        273.750000        466.250000        344.750000        208.000000
         35.250000        146.750000        118.690000        384.360000
        100.750000        489.250000        363.750000        334.000000
        175.500000        333.250000        250.250000        280.250000
        380.000000        531.250000        389.750000        130.000000
        527.750000         18.500000         19.250000         24.250000
        485.000000        478.250000        349.970000         53.200000
        276.250000        256.750000        194.030000        207.000000
        479.750000        374.000000        275.500000         57.750000
         79.500000         78.750000         69.250000        351.500000
        479.500000        146.500000        111.750000         58.500000
