        164.750000        229.750000        311.500000        162.250000
         66.500000        175.750000        381.750000        201.250000
        176.000000        416.250000        302.250000         30.000000
        469.250000        243.500000         94.750000        153.500000
         36.000000        356.750000        402.750000         71.750000
         43.500000        238.250000        397.810000        156.380000
         27.750000         61.000000        409.610000        283.100000
        400.000000        121.750000        145.580000        239.150000
        279.000000        135.500000        230.500000        230.000000
        357.250000        406.750000        172.730000         37.760000
        535.500000        337.000000         47.500000         87.750000
        291.250000        344.250000        220.760000         81.680000
        209.500000        359.250000        278.870000         70.680000
        242.000000         19.750000        259.000000        313.250000
        548.750000        177.750000         39.400000        200.130000
        598.750000        214.000000          4.250000        174.000000
