        213.250000        356.750000         69.750000        196.000000
        439.500000        290.750000        235.750000        148.250000
        396.750000        134.500000        204.000000         33.500000
        273.000000        134.000000        113.120000         32.770000
        214.000000        176.750000         69.890000         63.960000
        263.000000        281.500000        106.110000        140.950000
        189.750000        444.250000         53.000000        260.750000
        140.000000        422.500000         16.360000        244.540000
        176.500000        218.250000         42.500000         95.000000
        343.000000        233.000000        164.760000        105.640000
        379.500000        344.500000        191.800000        187.510000
        296.500000        220.750000        130.590000         96.580000
        386.750000        191.500000        196.790000         75.250000
        357.250000        284.250000        175.000000        143.250000
        348.250000        114.250000        168.340000         18.500000
