        266.000000        453.000000        363.750000        411.750000
        245.250000        412.000000        325.000000        388.750000
        147.500000        110.750000         90.250000        176.250000
        142.000000        126.250000         92.250000        192.000000
        305.250000        163.500000        252.500000        144.250000
        380.750000        146.250000        310.500000         90.250000
        189.250000        423.750000        282.750000        427.000000
        104.000000         59.250000         27.250000        153.750000
        466.250000        180.500000        400.750000         77.500000
         96.000000         99.250000         40.000000        192.500000
        478.250000        238.250000        440.000000        121.500000
        366.000000        377.750000        412.580000        297.260000
        110.750000        148.750000         77.310000        227.810000
        167.250000        160.750000        132.000000        209.500000
        292.750000        494.000000        407.220000        434.580000
