        173.000000        277.750000        374.500000        434.750000
        277.750000        275.500000        372.000000        288.750000
        385.250000        279.750000        376.500000        137.500000
        153.000000        194.500000        258.250000        462.500000
        262.500000        215.250000        286.250000        308.250000
        246.500000        106.000000        134.000000        332.000000
        123.500000        120.500000        154.500000        506.500000
        241.250000        367.500000        500.250000        338.750000
        325.500000        341.000000        463.500000        221.500000
        147.500000        330.750000        449.500000        470.500000
        212.250000        475.500000        650.750000        379.250000
         39.750000        433.000000        591.250000        620.000000
         71.500000        308.000000        416.970000        576.960000
        419.250000        223.750000        298.750000         90.000000
        475.500000        370.250000        503.000000         11.500000
        152.750000        386.750000        526.750000        463.000000
        333.500000        204.500000        271.250000        209.500000
